307,35
0,273
0,270
3,2
3,1
3,3
10,74
10,192
10,252
10,6
10,151
10,27
10,114
10,1
10,137
10,2
10,3
11,26
11,8
11,27
11,25
11,21
11,16
11,11
11,1
11,20
11,2
11,3
9,7
9,1
9,5
9,2
9,3
8,7
8,9
8,10
8,14
8,15
8,1
8,4
8,2
8,3
12,2
12,1
12,3
20,2
20,1
20,3
19,2
19,1
19,3
306,3
306,2
306,1
306,0
305,5
305,4
305,3
305,2
305,1
305,0
303,5
303,4
303,3
303,2
303,1
303,0
300,4
300,3
300,2
300,1
300,0
298,5
298,4
298,3
298,2
298,1
298,0
295,3
295,2
295,1
295,0
294,5
294,4
294,3
294,2
294,1
294,0
291,10
291,9
291,8
291,7
291,6
291,5
291,4
291,3
291,2
291,1
291,0
288,3
288,2
288,1
18,1
288,0
18,3
287,4
287,3
287,2
287,1
14,1
287,0
14,3
285,3
285,2
13,1
285,1
13,3
285,0
284,5
